[Triggers]
01000000=Americans,<none>,Debug,1,1,1,1,0
01000002=Americans,<none>,OPEva1,0,1,1,1,0
01000004=Americans,<none>,OPAirstrike,0,1,1,1,0
01000011=Americans,<none>,OPGainControl,0,1,1,1,0
01000032=Americans,<none>,OPGameStart,0,1,1,1,0
01000034=Americans,<none>,OPMTNKComing,0,1,1,1,0
01000036=Americans,<none>,OPParatroopers,0,1,1,1,0
01000038=Americans,<none>,S2-EVA1,1,1,1,1,0
01000040=Americans,<none>,OPEva2,0,1,1,1,0
01000042=Americans,<none>,S2-SamChangeSide,0,1,1,1,0
01000044=Americans,<none>,S2-CMINChangeSide,0,1,1,1,0
01000046=Americans,<none>,S2-EngiSquad,1,1,1,1,0
01000048=Confederation,<none>,OP-BunkerGarrison,0,1,1,1,0
01000057=Americans,<none>,S2-Start,0,1,1,1,0
01000059=Americans,<none>,S2-Reinforcement,0,1,1,1,0
01000061=Americans,<none>,S2-Camera,1,1,1,1,0
01000064=Americans,<none>,S2-EVA2,1,1,1,1,0
01000066=Americans,<none>,OP-LoseCondition,1,1,1,1,0
01000068=Americans,<none>,Lose,1,1,1,1,0
01000073=Americans,<none>,S2-EVA3,1,1,1,1,0
01000075=Arabs,<none>,S2-EnemyProduction,0,1,1,1,0
01000080=Arabs,<none>,S2-EnemyAirforce,1,1,1,1,0
01000085=Americans,<none>,LoseCondition,1,1,1,1,0
01000087=Americans,<none>,WinCondition,0,1,1,1,0
01000089=Americans,<none>,Win,1,1,1,1,0
01000091=Russians,<none>,TechLevelAdjust,0,1,1,1,0
01000093=Americans,<none>,S2-GainControl,1,1,1,1,0
[Events]
01000000=1,8,0,0
01000002=1,13,0,2
01000004=1,13,0,12
01000011=1,36,0,0
01000032=1,8,0,0
01000034=1,13,0,12
01000036=1,13,0,20
01000038=1,13,0,20
01000040=1,13,0,20
01000042=1,81,2,4,GAPOWR
01000044=1,32,0,1
01000046=1,13,0,20
01000048=1,8,0,0
01000057=1,10,0,7
01000059=2,81,2,1,GAROBO,58,0,0
01000061=1,13,0,5
01000064=1,36,0,1
01000066=1,9,0,0
01000068=1,13,0,10
01000073=1,13,0,20
01000075=1,16,0,8
01000080=1,13,0,120
01000085=1,10,0,0
01000087=2,10,0,8,1,0,0
01000089=1,13,0,5
01000091=1,8,0,0
01000093=1,13,0,10
[Actions]
01000000=1,16,0,0,0,0,0,0,A
01000002=1,21,6,EVA_EstablishBattlefieldControl,0,0,0,0,A
01000004=3,7,1,01000019,0,0,0,0,A,7,1,01000020,0,0,0,0,A,7,1,01000021,0,0,0,0,A
01000011=3,47,0,0,0,0,0,0,A,53,2,01000066,0,0,0,0,A,11,4,MISSION:ALL02NO1,0,0,0,0,A
01000032=4,46,0,0,0,0,0,0,A,17,0,99,0,0,0,0,A,17,0,40,0,0,0,0,A,17,0,42,0,0,0,0,A
01000034=5,7,1,01000024,0,0,0,0,A,7,1,01000025,0,0,0,0,A,7,1,01000026,0,0,0,0,A,7,1,01000027,0,0,0,0,A,7,1,01000028,0,0,0,0,A
01000036=2,80,1,01000030,0,0,0,0,AO,80,1,01000030,0,0,0,0,AQ
01000038=1,21,6,EVA_ReinforcementsHaveArrived,0,0,0,0,A
01000040=1,21,6,EVA_ReinforcementsHaveArrived,0,0,0,0,A
01000042=1,14,0,0,0,0,0,0,A
01000044=2,14,0,0,0,0,0,0,A,81,0,0,0,0,0,0,A
01000046=5,80,1,01000029,0,0,0,0,H,53,2,01000038,0,0,0,0,A,47,0,0,0,0,0,0,A,112,0,0,0,0,0,0,H,19,7,CameraSwitch,0,0,0,0,A
01000048=2,80,1,01000053,0,0,0,0,AU,80,1,01000054,0,0,0,0,AV
01000057=6,17,0,6,0,0,0,0,A,11,4,MISSION:ALL02NO2,0,0,0,0,A,21,6,EVA_NewObjectiveReceived,0,0,0,0,A,53,2,01000061,0,0,0,0,A,46,0,0,0,0,0,0,A,54,2,01000066,0,0,0,0,A
01000059=7,7,1,01000056,0,0,0,0,A,53,2,01000064,0,0,0,0,A,7,1,01000056,0,0,0,0,A,7,1,01000056,0,0,0,0,A,53,2,01000080,0,0,0,0,A,53,2,01000085,0,0,0,0,A,137,0,0,0,0,0,0,G
01000061=4,112,0,0,0,0,0,0,G,19,7,CameraSwitch,0,0,0,0,A,53,2,01000046,0,0,0,0,A,131,9,GAROBO,0,0,0,0,30
01000064=3,21,6,EVA_ReinforcementsHaveArrived,0,0,0,0,A,55,0,2,0,0,0,0,J,53,2,01000073,0,0,0,0,A
01000066=2,21,6,EVA_MissionFailed,0,0,0,0,A,53,2,01000068,0,0,0,0,A
01000068=1,2,0,0,0,0,0,0,A
01000073=7,17,0,8,0,0,0,0,A,19,7,CameraSwitch,0,0,0,0,A,21,6,EVA_NewObjectiveReceived,0,0,0,0,A,112,0,0,0,0,0,0,I,46,0,0,0,0,0,0,A,53,2,01000093,0,0,0,0,A,55,0,0,0,0,0,0,I
01000075=3,4,1,01000079,0,0,0,0,A,3,0,6,0,0,0,0,A,53,2,01000080,0,0,0,0,A
01000080=1,4,1,01000084,0,0,0,0,A
01000085=1,53,2,01000068,0,0,0,0,A
01000087=3,21,6,EVA_MissionAccomplished,0,0,0,0,A,19,7,Cheer,0,0,0,0,A,53,2,01000089,0,0,0,0,A
01000089=1,1,0,0,0,0,0,0,A
01000091=2,106,9,HTNK,0,0,0,0,-1,106,9,HTNKP,0,0,0,0,2
01000093=3,47,0,0,0,0,0,0,A,112,0,0,0,0,0,0,G,19,7,CameraSwitch,0,0,0,0,A
[Tags]
01000001=0,Debug 1,01000000
01000003=0,OPEva1 1,01000002
01000005=0,OPAirstrike 1,01000004
01000031=0,OPGainControl 1,01000011
01000033=0,OPGameStart 1,01000032
01000035=0,OPMTNKComing 1,01000034
01000037=0,OPParatroopers 1,01000036
01000039=0,S2-EVA1 1,01000038
01000041=0,OPEva2 1,01000040
01000043=0,S2-SamChangeSide 1,01000042
01000045=0,S2-CMINChangeSide 1,01000044
01000047=0,S2-EngiSquad 1,01000046
01000049=0,OP-BunkerGarrison 1,01000048
01000058=0,S2-Start 1,01000057
01000060=0,S2-Reinforcement 1,01000059
01000062=0,S2-Camera 1,01000061
01000065=0,S2-EVA2 1,01000064
01000067=0,OP-LoseCondition 1,01000066
01000069=0,Lose 1,01000068
01000074=0,S2-EVA3 1,01000073
01000076=0,S2-EnemyProduction 1,01000075
01000081=0,S2-EnemyAirforce 1,01000080
01000086=0,LoseCondition 1,01000085
01000088=0,WinCondition 1,01000087
01000090=0,Win 1,01000089
01000092=0,TechLevelAdjust 1,01000091
01000094=0,S2-GainControl 1,01000093